0 0.0359375 0.5953125 0.071875 0.203125
0 0.1 0.75625 0.08749999999999998 0.09375
0 0.1921875 0.8515625 0.12187499999999998 0.059374999999999956
0 0.4671875 0.9328125 0.546875 0.08437500000000009
0 0.4984375 0.984375 0.2593750000000001 0.03125
0 0.7953125 0.85625 0.12812500000000004 0.07499999999999996
0 0.8734375 0.765625 0.11562500000000009 0.09375
0 0.9234375 0.6796875 0.09687500000000004 0.078125
0 0.965625 0.603125 0.06875000000000009 0.11250000000000004
0 0.6953125 0.31875 0.12187499999999996 0.125
