0 0.046875 0.6234375 0.09375 0.09687500000000004
0 0.0765625 0.7171875 0.109375 0.07187499999999991
0 0.1328125 0.79375 0.08437499999999999 0.08125000000000004
0 0.2 0.8609375 0.09375 0.04062499999999991
0 0.2578125 0.909375 0.12812500000000002 0.050000000000000044
0 0.509375 0.928125 0.3687500000000001 0.07499999999999996
0 0.5 0.9828125 0.24374999999999997 0.034375000000000044
0 0.796875 0.8578125 0.13749999999999996 0.078125
0 0.8765625 0.7515625 0.109375 0.140625
0 0.9375 0.621875 0.125 0.11874999999999991
