0 0.9671875 0.6296875 0.06562500000000004 0.059374999999999956
0 0.928125 0.7 0.08125000000000004 0.10000000000000009
0 0.8921875 0.7859375 0.09687500000000004 0.07187499999999991
0 0.8203125 0.8625 0.059374999999999956 0.08749999999999991
0 0.7078125 0.9265625 0.109375 0.09062499999999996
0 0.5140625 0.9703125 0.2593750000000001 0.059374999999999956
0 0.2265625 0.8953125 0.10312500000000002 0.07187499999999991
0 0.3265625 0.9421875 0.12187499999999996 0.06562500000000004
0 0.0953125 0.7515625 0.07187499999999998 0.140625
0 0.1578125 0.853125 0.078125 0.0625
