0 0.509375 0.020312500000000004 0.24374999999999997 0.034375
0 0.9609375 0.5234375 0.078125 0.25937499999999997
0 0.0203125 0.4984375 0.040625 0.328125
0 0.534375 0.9640625 0.23750000000000004 0.07187499999999991
0 0.7109375 0.9375 0.109375 0.0625
0 0.8875 0.7546875 0.08749999999999991 0.140625
0 0.9515625 0.7015625 0.046875 0.11562500000000009
0 0.8171875 0.875 0.08437500000000009 0.07499999999999996
0 0.321875 0.0546875 0.14375000000000004 0.059375000000000004
0 0.2203125 0.1203125 0.11562500000000003 0.05937499999999998
0 0.15625 0.1671875 0.09999999999999999 0.015625
0 0.078125 0.2453125 0.037500000000000006 0.12812499999999996
