0 0.503125 0.9703125 0.24374999999999997 0.059374999999999956
0 0.675 0.9390625 0.10000000000000009 0.059374999999999956
0 0.8078125 0.878125 0.06562500000000004 0.06875000000000009
0 0.0328125 0.6015625 0.05312499999999999 0.15937500000000004
0 0.0671875 0.7046875 0.06562500000000002 0.046875
0 0.1140625 0.7765625 0.084375 0.059374999999999956
0 0.1796875 0.859375 0.09062500000000001 0.08125000000000004
0 0.278125 0.9046875 0.09999999999999998 0.06562500000000004
0 0.3328125 0.953125 0.109375 0.02499999999999991
0 0.35 0.08125 0.0625 0.10624999999999998
