0 0.046875 0.5765625 0.09375 0.171875
0 0.0953125 0.734375 0.11562500000000002 0.10624999999999996
0 0.1484375 0.8203125 0.109375 0.04062499999999991
0 0.2421875 0.878125 0.17812499999999998 0.05624999999999991
0 0.34375 0.9328125 0.16874999999999996 0.034375000000000044
0 0.475 0.9734375 0.32499999999999996 0.05312500000000009
0 0.6953125 0.93125 0.10312499999999991 0.050000000000000044
0 0.79375 0.8890625 0.08125000000000004 0.046875
0 0.8453125 0.8265625 0.08437500000000009 0.09062499999999996
0 0.8796875 0.759375 0.09687500000000004 0.09375
0 0.93125 0.6640625 0.10000000000000009 0.11562500000000009
