0 0.509375 0.046875 0.375 0.043750000000000004
0 0.9640625 0.5171875 0.07187499999999991 0.359375
0 0.05 0.5 0.04374999999999999 0.4375
0 0.0171875 0.5359375 0.034375 0.27187500000000003
0 0.50625 0.953125 0.44999999999999996 0.043749999999999956
0 0.9125 0.7546875 0.0625 0.10312499999999991
0 0.8546875 0.8203125 0.059374999999999956 0.08437500000000009
0 0.778125 0.9078125 0.1312500000000001 0.08437500000000009
0 0.7171875 0.1078125 0.09062499999999996 0.09062500000000001
0 0.796875 0.1734375 0.07499999999999996 0.10312499999999998
0 0.8828125 0.2765625 0.10312499999999991 0.16562500000000002
