0 0.0140625 0.5203125 0.028125 0.234375
0 0.053125 0.6671875 0.03749999999999999 0.059374999999999956
0 0.121875 0.7703125 0.11875 0.078125
0 0.165625 0.8484375 0.07500000000000001 0.059374999999999956
0 0.246875 0.90625 0.15000000000000002 0.05624999999999991
0 0.4625 0.9703125 0.32499999999999996 0.059374999999999956
0 0.675 0.9515625 0.11250000000000004 0.04062499999999991
0 0.765625 0.9046875 0.10624999999999996 0.07187499999999991
0 0.8484375 0.8390625 0.08437500000000009 0.06562500000000004
0 0.9015625 0.7359375 0.09062499999999996 0.11562500000000009
0 0.96875 0.4953125 0.0625 0.19062499999999993
0 0.9546875 0.64375 0.034375000000000044 0.08749999999999991
0 0.9546875 0.35625 0.034375000000000044 0.06874999999999998
0 0.9109375 0.2609375 0.05312500000000009 0.078125
