0 0.9625 0.496875 0.0625 0.38750000000000007
0 0.496875 0.9375 0.45624999999999993 0.050000000000000044
0 0.49375 0.9796875 0.24374999999999997 0.04062499999999991
0 0.76875 0.8875 0.1499999999999999 0.03125
0 0.81875 0.8359375 0.125 0.06562500000000004
0 0.809375 0.1296875 0.050000000000000044 0.07187500000000001
0 0.85625 0.2140625 0.08749999999999991 0.07187500000000002
0 0.915625 0.2484375 0.03750000000000009 0.06562499999999999
0 0.90625 0.74375 0.06875000000000009 0.0625
0 0.2078125 0.8828125 0.12812499999999996 0.06562500000000004
0 0.5609375 0.6578125 0.109375 0.07187499999999991
