0 0.95625 0.490625 0.08749999999999991 0.30000000000000004
0 0.4953125 0.9796875 0.28437499999999993 0.04062499999999991
0 0.6796875 0.925 0.12187499999999996 0.09375
0 0.9296875 0.69375 0.09062499999999996 0.10000000000000009
0 0.9 0.7859375 0.0625 0.04062499999999991
0 0.7859375 0.8703125 0.078125 0.059374999999999956
0 0.5078125 0.046875 0.203125 0.08124999999999999
0 0.6359375 0.0765625 0.09687500000000004 0.09062500000000001
0 0.7796875 0.1515625 0.06562500000000004 0.10312500000000001
0 0.8609375 0.265625 0.08437500000000009 0.17500000000000002
0 0.3640625 0.0734375 0.08437499999999998 0.084375
0 0.2875 0.103125 0.06874999999999998 0.07500000000000001
0 0.209375 0.1453125 0.04375000000000001 0.10312500000000001
