0 0.4984375 0.0578125 0.203125 0.103125
0 0.653125 0.1078125 0.10624999999999996 0.140625
0 0.7609375 0.14375 0.11562500000000009 0.11875000000000001
0 0.86875 0.2453125 0.08749999999999991 0.203125
0 0.9546875 0.45 0.09062499999999996 0.38750000000000007
0 0.9296875 0.70625 0.08437500000000009 0.09375
0 0.8890625 0.7921875 0.11562500000000009 0.046875
0 0.51875 0.953125 0.41874999999999996 0.03750000000000009
0 0.5078125 0.984375 0.24687499999999996 0.03125
0 0.7640625 0.9 0.10312499999999991 0.03750000000000009
0 0.834375 0.84375 0.09375 0.0625
0 0.3515625 0.075 0.09062499999999996 0.1
0 0.23125 0.1296875 0.11250000000000002 0.13437500000000002
0 0.1234375 0.2390625 0.078125 0.140625
0 0.040625 0.47343749999999996 0.08125 0.39062499999999994
