0 0.5 0.0390625 0.20625000000000004 0.078125
0 0.6484375 0.06875 0.09687500000000004 0.07500000000000001
0 0.753125 0.1328125 0.13749999999999996 0.09687499999999999
0 0.8640625 0.21875 0.09687500000000004 0.09999999999999998
0 0.9203125 0.3140625 0.109375 0.109375
0 0.9671875 0.496875 0.06562500000000004 0.26250000000000007
0 0.94375 0.684375 0.05624999999999991 0.07499999999999996
0 0.56875 0.978125 0.1312500000000001 0.043749999999999956
0 0.6828125 0.93125 0.09687500000000004 0.06875000000000009
0 0.7859375 0.85625 0.07187499999999991 0.08749999999999991
0 0.8984375 0.7578125 0.078125 0.07187499999999991
