0 0.5015625 0.05 0.20937500000000003 0.1
0 0.6484375 0.0703125 0.08437500000000009 0.078125
0 0.75625 0.1296875 0.11874999999999991 0.12187500000000001
0 0.846875 0.1921875 0.06875000000000009 0.09687499999999999
0 0.8953125 0.29375 0.11562500000000009 0.10624999999999998
0 0.9734375 0.5015625 0.05312500000000009 0.31562500000000004
0 0.3578125 0.065625 0.09062499999999996 0.07499999999999998
0 0.171875 0.1859375 0.09999999999999999 0.08437500000000003
0 0.24375 0.1234375 0.11874999999999997 0.078125
0 0.1015625 0.2859375 0.078125 0.07187500000000002
0 0.009375 0.5078125 0.01875 0.27187500000000003
0 0.0578125 0.3546875 0.028125000000000004 0.12812499999999993
0 0.0578125 0.69375 0.03437500000000001 0.0625
