0 0.0359375 0.4890625 0.071875 0.27812500000000007
0 0.0984375 0.2796875 0.115625 0.07187500000000002
0 0.1859375 0.2 0.14687500000000003 0.08124999999999999
0 0.25 0.1359375 0.15625 0.06562499999999999
0 0.50625 0.1 0.4625000000000001 0.0625
0 0.5015625 0.05 0.3656249999999999 0.037500000000000006
0 0.5078125 0.0234375 0.17812500000000003 0.046875
0 0.7859375 0.1515625 0.078125 0.14687499999999998
0 0.853125 0.2203125 0.05624999999999991 0.14687500000000003
0 0.890625 0.284375 0.03750000000000009 0.18125000000000002
0 0.9375 0.33125 0.0625 0.14374999999999993
0 0.978125 0.4890625 0.043749999999999956 0.28437499999999993
0 0.95625 0.6875 0.02499999999999991 0.125
0 0.8890625 0.7828125 0.09687500000000004 0.034375000000000044
0 0.8171875 0.8484375 0.06562500000000004 0.07187499999999991
0 0.7484375 0.909375 0.11562500000000009 0.050000000000000044
0 0.4984375 0.953125 0.44062500000000004 0.03125
0 0.4984375 0.984375 0.20937500000000003 0.03125
0 0.0625 0.6859375 0.0625 0.10312499999999991
0 0.1171875 0.7734375 0.08437499999999999 0.06562500000000004
0 0.16875 0.8328125 0.09375 0.02187500000000009
0 0.20625 0.86875 0.08750000000000002 0.03750000000000009
0 0.275 0.9125 0.03125 0.0625
