0 0.509375 0.04375 0.19999999999999996 0.0875
0 0.665625 0.084375 0.10000000000000009 0.08749999999999998
0 0.771875 0.1375 0.10624999999999996 0.09999999999999999
0 0.8625 0.23281249999999998 0.08749999999999991 0.14062499999999997
0 0.9390625 0.365625 0.059374999999999956 0.22499999999999998
0 0.9796875 0.4890625 0.04062499999999991 0.334375
0 0.9359375 0.665625 0.06562500000000004 0.11874999999999991
0 0.3578125 0.0484375 0.09062499999999996 0.04062500000000001
0 0.2578125 0.1328125 0.140625 0.07187500000000001
0 0.1578125 0.190625 0.07187499999999998 0.07500000000000001
0 0.9015625 0.7625 0.08437500000000009 0.0625
0 0.0328125 0.5078125 0.065625 0.27187500000000003
0 0.0640625 0.3171875 0.084375 0.12187499999999996
0 0.0703125 0.69375 0.071875 0.10624999999999996
0 0.0984375 0.7875 0.06562500000000002 0.0625
