0 0.4984375 0.03125 0.19687499999999997 0.0625
0 0.65 0.071875 0.10000000000000009 0.06875
0 0.7171875 0.1171875 0.08437500000000009 0.11562499999999999
0 0.7953125 0.1453125 0.09062499999999996 0.08437499999999999
0 0.8578125 0.1984375 0.028124999999999956 0.09062500000000001
0 0.8890625 0.2515625 0.04062499999999991 0.12812500000000002
0 0.9390625 0.2890625 0.05312500000000009 0.08437499999999998
0 0.9765625 0.4875 0.046875 0.2875
0 0.959375 0.6921875 0.03750000000000009 0.109375
0 0.909375 0.76875 0.06875000000000009 0.02499999999999991
