0 0.509375 0.046875 0.23124999999999996 0.09375
0 0.678125 0.0703125 0.06875000000000009 0.06562499999999999
0 0.7828125 0.14375 0.10312499999999991 0.11249999999999999
0 0.8515625 0.19374999999999998 0.046875 0.15624999999999997
0 0.8921875 0.265625 0.046875 0.15000000000000002
0 0.94375 0.3125 0.05624999999999991 0.15000000000000002
0 0.975 0.515625 0.050000000000000044 0.27499999999999997
0 0.9421875 0.703125 0.07187499999999991 0.09375
0 0.8703125 0.803125 0.07187499999999991 0.08125000000000004
0 0.3015625 0.09375 0.09062499999999996 0.06874999999999999
0 0.353125 0.04375 0.08125000000000004 0.037500000000000006
0 0.228125 0.121875 0.08124999999999999 0.08125000000000002
0 0.18125 0.1578125 0.04999999999999999 0.06562499999999999
0 0.1421875 0.1921875 0.03437499999999999 0.078125
0 0.7328125 0.078125 0.028124999999999956 0.03125
