0 0.5046875 0.05312499999999999 0.203125 0.1
0 0.653125 0.096875 0.11874999999999991 0.11875
0 0.7765625 0.1546875 0.10312499999999991 0.11562500000000002
0 0.8671875 0.25625 0.08437500000000009 0.15000000000000002
0 0.9296875 0.328125 0.08437500000000009 0.18125000000000002
0 0.9796875 0.49375 0.04062499999999991 0.2750000000000001
0 0.934375 0.5734375 0.050000000000000044 0.30937499999999996
0 0.9109375 0.740625 0.059374999999999956 0.10000000000000009
0 0.8515625 0.8171875 0.078125 0.10312499999999991
0 0.49375 0.971875 0.2562499999999999 0.05624999999999991
0 0.678125 0.953125 0.10624999999999996 0.03125
0 0.725 0.903125 0.06875000000000009 0.07499999999999996
0 0.7828125 0.8796875 0.078125 0.08437500000000009
0 0.35625 0.0625 0.08125000000000004 0.0625
0 0.2625 0.1265625 0.16249999999999998 0.07187499999999998
