0 0.4953125 0.05 0.19687500000000002 0.1
0 0.646875 0.0859375 0.10000000000000009 0.10312500000000001
0 0.7609375 0.1359375 0.12187499999999996 0.09687499999999999
0 0.85 0.2140625 0.05624999999999991 0.13437500000000002
0 0.9109375 0.2796875 0.06562500000000004 0.19687500000000002
0 0.9671875 0.515625 0.06562500000000004 0.28125
0 0.9375 0.690625 0.08125000000000004 0.06875000000000009
0 0.55 0.9734375 0.17500000000000004 0.05312500000000009
0 0.69375 0.928125 0.11874999999999991 0.07499999999999996
0 0.809375 0.8640625 0.10624999999999996 0.06562500000000004
0 0.884375 0.7921875 0.11250000000000004 0.06562500000000004
