0 0.50625 0.0375 0.24374999999999997 0.075
0 0.96875 0.4921875 0.0625 0.29062499999999997
0 0.915625 0.6984375 0.10000000000000009 0.08437500000000009
0 0.8546875 0.790625 0.10312499999999991 0.0625
0 0.7125 0.921875 0.15625 0.06875000000000009
0 0.7953125 0.853125 0.09687500000000004 0.06875000000000009
0 0.034375 0.509375 0.0625 0.26249999999999996
0 0.2921875 0.0859375 0.13437500000000002 0.09687499999999999
0 0.1859375 0.16875 0.09062500000000001 0.07500000000000001
0 0.1015625 0.2609375 0.08437499999999999 0.09062499999999998
