0 0.490625 0.0390625 0.2562499999999999 0.078125
0 0.965625 0.50625 0.06875000000000009 0.26875000000000004
0 0.509375 0.9703125 0.24374999999999997 0.059374999999999956
0 0.675 0.928125 0.08749999999999991 0.08749999999999991
0 0.7609375 0.9046875 0.05312500000000009 0.059374999999999956
0 0.8296875 0.8328125 0.10312499999999991 0.09687500000000004
0 0.9078125 0.7390625 0.078125 0.06562500000000004
0 0.9203125 0.6640625 0.09062499999999996 0.06562500000000004
0 0.0328125 0.5 0.065625 0.25625000000000003
0 0.090625 0.296875 0.06875 0.09999999999999998
0 0.1421875 0.2015625 0.10312499999999998 0.09062500000000001
0 0.24375 0.1109375 0.1375 0.109375
0 0.3375 0.059375 0.06874999999999998 0.1
