0 0.503125 0.0328125 0.27499999999999997 0.065625
0 0.328125 0.06875 0.11250000000000004 0.07500000000000001
0 0.021875 0.5078125 0.04375 0.28437500000000004
0 0.5109375 0.971875 0.25937499999999997 0.05624999999999991
0 0.2109375 0.1328125 0.07187500000000002 0.10312500000000001
0 0.146875 0.21875 0.04375000000000001 0.125
0 0.0890625 0.28125 0.05937499999999999 0.13749999999999998
0 0.0453125 0.3375 0.028124999999999997 0.10624999999999996
0 0.0671875 0.6859375 0.053125000000000006 0.078125
0 0.2625 0.9015625 0.13124999999999998 0.078125
0 0.3359375 0.9609375 0.109375 0.034375000000000044
