0 0.50625 0.04531249999999999 0.2562499999999999 0.084375
0 0.9828125 0.4984375 0.034375000000000044 0.234375
0 0.5046875 0.98125 0.25312500000000004 0.03750000000000009
0 0.6796875 0.9328125 0.12187499999999996 0.07187499999999991
0 0.671875 0.0609375 0.125 0.059375
0 0.79375 0.1453125 0.11874999999999991 0.12187500000000001
0 0.9046875 0.290625 0.1343749999999999 0.1875
0 0.909375 0.7609375 0.06875000000000009 0.059374999999999956
0 0.840625 0.825 0.0625 0.050000000000000044
0 0.790625 0.89375 0.06875000000000009 0.06875000000000009
