0 0.0453125 0.5171875 0.04062500000000001 0.4156250000000001
0 0.1140625 0.7671875 0.115625 0.034375000000000044
0 0.15 0.8234375 0.04999999999999999 0.07187499999999991
0 0.21875 0.8828125 0.06874999999999998 0.06562500000000004
0 0.271875 0.90625 0.03749999999999998 0.050000000000000044
0 0.45625 0.01875 0.23125000000000007 0.0375
0 0.115625 0.2625 0.08749999999999998 0.03125
0 0.1328125 0.2234375 0.06562499999999999 0.04062500000000002
0 0.1578125 0.1640625 0.07187499999999998 0.05312499999999998
0 0.2390625 0.0953125 0.09687500000000002 0.05937500000000001
