0 0.478125 0.2671875 0.18046875 0.24453125
0 0.6328125 0.3078125 0.07890625 0.16328125
0 0.2578125 0.60078125 0.42109375 0.33046875
0 0.2265625 0.33359375 0.26640625 0.15234375
0 0.55625 0.659375 0.11953125 0.2171875
0 0.5375 0.88828125 0.27421875 0.18046875
0 0.4640625 0.1453125 0.090625 0.128125
0 0.36953125 0.2359375 0.08125 0.07578125
0 0.29453125 0.28125 0.0859375 0.09921875
0 0.24375 0.396875 0.246875 0.1921875
0 0.16875 0.83125 0.04375 0.0484375
0 0.06875 0.35078125 0.0859375 0.0890625
0 0.121875 0.48359375 0.0578125 0.0515625
0 0.0796875 0.61953125 0.06015625 0.3515625
0 0.0609375 0.42109375 0.0765625 0.06953125
0 0.45234375 0.94921875 0.13984375 0.05859375
0 0.03671875 0.48125 0.06484375 0.1453125
