0 0.95 0.4921875 0.03125 0.38437499999999997
0 0.9828125 0.503125 0.034375000000000044 0.25
0 0.503125 0.984375 0.23124999999999996 0.03125
0 0.7390625 0.9125 0.07187499999999991 0.06875000000000009
0 0.8890625 0.7828125 0.09687500000000004 0.06562500000000004
0 0.9328125 0.7015625 0.059374999999999956 0.08437500000000009
0 0.8203125 0.85 0.07187499999999991 0.05624999999999991
0 0.86875 0.209375 0.07499999999999996 0.10625000000000001
0 0.91875 0.271875 0.043749999999999956 0.11875000000000002
0 0.7984375 0.1359375 0.11562500000000009 0.078125
