0 0.221875 0.6046875 0.30546875 0.38125
0 0.415625 0.63359375 0.05078125 0.23984375
0 0.26328125 0.86015625 0.2265625 0.08671875
0 0.321875 0.93828125 0.11796875 0.04296875
0 0.025 0.578125 0.05 0.20234375
0 0.23046875 0.20390625 0.1703125 0.1375
0 0.2328125 0.0984375 0.09609375 0.0234375
0 0.2484375 0.309375 0.146875 0.02734375
0 0.6546875 0.69765625 0.11015625 0.13671875
0 0.88984375 0.6953125 0.0984375 0.1203125
0 0.7 0.584375 0.07421875 0.04765625
0 0.6484375 0.8234375 0.08515625 0.05625
0 0.203125 0.34140625 0.05078125 0.10625
0 0.1734375 0.5171875 0.2296875 0.18125
0 0.125 0.6140625 0.1921875 0.140625
0 0.1046875 0.7140625 0.1171875 0.09140625
0 0.0421875 0.5140625 0.084375 0.2375
0 0.17109375 0.8328125 0.11640625 0.12265625
0 0.80859375 0.65078125 0.0875 0.1453125
